lon_min: -168.00000549350375
lon_max: -13.000000228542161
lat_min: 14.000000229282838
lat_max: 72.99999786336853
L.LatLngBounds(L.LatLng(14.000000229282838,-168.00000549350375), L.LatLng(72.99999786336853,-13.000000228542161))