lon_min: -167.99000549316406
lon_max: -13.010000228881836
lat_min: 14.010000228881836
lat_max: 72.98999786376953
L.LatLngBounds(L.LatLng(14.010000228881836,-167.99000549316406), L.LatLng(72.98999786376953,-13.010000228881836))